# DP2 COSMOS cutout sample: full
#
# Sample: full - r < 23, no dm cut, sorted by dm desc
# Cuts applied:
#     base sample                                 4,055
#     r < 23                                        443
# Sorted by r_psf_minus_cModel (descending); obj_num is 1..N in that order.
#
# 443 objects
#
#  N  objectId         RA        DEC   r_mag      dm   u_mag   g_mag   i_mag   z_mag   y_mag  blend  isol  hst_sep
# ----------------------------------------------------------------------------------------------------------------
   1  788011324973016747  150.276072   1.638185  22.399   1.972  23.854  23.023  22.224  22.084  21.959      Y     N   0.0425
   2  788013523996276729  149.984860   2.217305  20.838   0.963  22.134  21.239  20.616  20.564  20.514      Y     N   0.0264
   3  788014623507904010  150.730487   2.537086  22.727   0.884  25.075  23.589  22.337  22.216  22.099      Y     N   0.1120
   4  788014967105286505  149.877769   2.519423  21.038   0.739  22.067  21.365  20.747  20.664  20.636      Y     N   0.0972
   5  788014211191035826  149.924520   2.250037  22.475   0.728  23.552  22.961  22.208  21.997  21.795      Y     N   0.1359
   6  788015035824763517  149.587271   2.521510  22.369   0.718  23.872  23.152  22.092  21.955  21.823      Y     N   0.0149
   7  788015791739003960  149.551112   2.641623  21.593   0.638  23.548  22.543  20.929  20.607  20.433      Y     N   0.1015
   8  788015723019531837  149.702834   2.682794  21.279   0.576  24.569  22.450  20.715  20.452  20.315      Y     N   0.1330
   9  788011324973018782  150.410229   1.669518  22.216   0.546  24.437  23.327  21.519  21.229  21.122      Y     N   0.2130
  10  788015791739001246  149.552411   2.590757  21.649   0.533  23.633  22.538  21.191  20.948  20.508      Y     N   0.0097
  11  788011393692500378  150.181299   1.724556  21.224   0.504  22.692  21.737  20.908  20.794  20.749      Y     N   0.1173
  12  788011874728828024  150.596831   1.746071  22.971   0.491  26.040  24.180  22.360  21.983  21.826      Y     N   0.1290
  13  788012012167788075  150.271438   1.846705  22.250   0.472  25.122  23.499  21.252  20.842  20.624      Y     N   0.1150
  14  788012561923595207  150.591112   1.899543  22.831   0.459  24.939  23.945  22.390  22.146  21.977      Y     N   0.0890
  15  788013592715745942  149.758434   2.066638  22.435   0.442  24.027  23.530  21.574  20.980  20.722      Y     N   0.0639
  16  788012218326211332  149.836773   1.743178  20.493   0.408  24.265  21.768  19.611  19.218  19.037      Y     N   0.0996
  17  788014279910518296  149.764194   2.321906  21.781   0.374  23.100  22.431  21.517  21.476  21.293      Y     N   0.1467
  18  788011393692493319  150.159622   1.618967  22.140   0.364  22.834  22.697  22.087  21.919  21.941      Y     N   0.0067
  19  788012630643075789  150.451329   1.973055  19.593   0.363  20.741  19.916  19.446  19.387  19.376      Y     N   0.0969
  20  788013523996274223  150.024935   2.160023  22.264   0.356  23.793  23.127  21.714  21.458  21.330      Y     N   0.1778
  21  788012287045696255  149.597890   1.868018  18.472   0.353  21.795  19.459  18.052  17.869  17.753      Y     N   0.2601
  22  788011393692493416  150.228543   1.622785  22.882   0.335  26.343  24.249  21.090  20.259  19.832      Y     N   0.2297
  23  788013317837843672  150.546955   2.158466  21.077   0.319  23.344  22.029  20.545  20.283  20.118      Y     N   0.0181
  24  788015379422144837  150.479486   2.650158  21.874   0.295  23.125  22.272  21.573  21.388  21.266      Y     N   0.0845
  25  788013592715746748  149.905620   2.084587  21.886   0.291  21.844  21.603  21.978  22.334  22.266      Y     N   0.0410
  26  788011599850922091  149.717556   1.604896  21.476   0.275  24.886  22.880  20.071  19.417  19.095      Y     N   0.0591
  27  788015516861104116  150.147053   2.717480  22.612   0.264  23.850  23.283  22.442  21.945  21.450      Y     N   0.0372
  28  788011393692494910  150.100370   1.653746  22.899   0.244  25.432  23.948  22.405  22.242  22.040      Y     N   0.0675
  29  788012630643078426  150.460519   2.011800  22.869   0.241  24.337  23.687  21.812  21.232  20.920      Y     N   0.0269
  30  788012699362554791  150.253398   1.996575  22.001   0.234  22.648  22.466  21.896  21.765  21.439      Y     N   0.0161
  31  788016341494819184  149.768993   2.824978  22.496   0.220  24.257  23.032  22.325  22.266  22.100      Y     N   0.0491
  32  788012218326211883  149.755560   1.757814  21.990   0.219  23.899  22.685  21.704  21.567  21.430      Y     N   0.0741
  33  788011462411969794  149.970898   1.630044  21.989   0.217  25.513  23.223  20.825  20.309  20.070      Y     N   0.0359
  34  788012218326215289  149.761365   1.809678  22.925   0.211  23.844  23.260  22.728  22.509  22.419      Y     N   0.0132
  35  788014142471570016  150.210745   2.391462  22.812   0.208  24.971  23.234  22.739  22.863  22.745      Y     N   0.0134
  36  788013936313133930  150.620452   2.314644  22.975   0.207  24.798  23.906  22.328  22.020  21.856      Y     N   0.0519
  37  788015448141618191  150.278365   2.585879  22.827   0.202  24.896  23.700  22.352  22.169  21.980      Y     N   0.0308
  38  788014829666328985  150.177906   2.458231  21.837   0.193  23.504  22.803  20.914  20.473  20.204      Y     N   0.0280
  39  788014005032614127  150.467248   2.382038  22.501   0.190  24.276  23.236  22.106  21.908  21.818      Y     N   0.0169
  40  788012768082025084  150.211030   1.905787  19.367   0.175  23.006  20.688  18.661  18.328  18.145      Y     N   0.0683
  41  788014760946852533  150.291880   2.451701  19.357   0.172  21.815  20.031  19.059  18.956  18.878      Y     N   0.0698
  42  788015310702669780  150.696474   2.671233  22.883   0.162  25.869  24.001  22.396  22.134  22.009      Y     N   0.1564
  43  788012149606741403  150.078220   1.830390  20.644   0.161  24.370  21.834  19.354  18.771  18.504      Y     N   0.0282
  44  788015379422140642  150.475077   2.581778  22.710   0.157  24.580  23.680  21.916  21.550  21.421      Y     N   0.0997
  45  788014760946853269  150.290947   2.464402  19.053   0.154  22.962  20.353  17.857  17.330  17.077      Y     N   0.1761
  46  788013661435228950  149.720140   2.181038  22.286   0.152  25.609  23.596  21.575  21.220  21.009      Y     N   0.0169
  47  788014211191043135  150.079294   2.354223  22.629   0.151  24.780  23.606  22.095  21.814  21.577      Y     N   0.0878
  48  788013661435228454  149.624199   2.180651  21.766   0.150  23.085  22.489  21.678  21.267  20.906      Y     N   0.0271
  49  788013249118363485  150.726936   2.089379  22.476   0.145  24.701  23.587  21.826  21.562  21.434      Y     N   0.0319
  50  788015791739003731  149.524435   2.634049  22.974   0.142  24.504  23.897  22.048  21.562  21.328      Y     N   0.0649
  51  788012218326218660  149.800633   1.870400  22.403   0.133  24.313  22.919  22.530  22.393  22.090      Y     N   0.0302
  52  788012012167785769  150.315190   1.802797  18.904   0.131  22.543  20.035  18.330  18.058  17.917      Y     N   0.0725
  53  788015929177954964  150.750666   2.753450  22.660   0.109  24.756  23.332  22.382  22.282  22.337      Y     N   0.0652
  54  788011668570400676  149.518649   1.609682  21.995   0.106  23.586  22.707  21.601  21.410  21.288      Y     N   0.0331
  55  788016341494821155  149.790420   2.863658  20.923   0.105  24.785  22.205  20.025  19.616  19.412      Y     N   0.1140
  56  788015585580577119  150.060475   2.667650  21.677   0.103  23.019  22.103  21.508  21.448  21.396      Y     N   0.0257
  57  788012699362550182  150.338658   1.928103  22.840   0.103  23.659  23.160  22.485  22.385  22.105      Y     N   0.0114
  58  788012080887267750  150.234786   1.886789  22.771   0.103  25.330  23.885  21.967  21.595  21.347      Y     N   0.0335
  59  788015723019526313  149.671333   2.583405  22.968   0.102  25.423  24.094  21.722  21.173  20.895      Y     N   0.0882
  60  788011187534066421  150.581830   1.680595  22.158   0.099  22.485  22.627  21.522  21.073  20.871      Y     N   0.0360
  61  788014692227375344  150.497074   2.447813  22.561   0.098  24.896  23.600  21.375  20.789  20.474      Y     N   0.0321
  62  788012630643072438  150.511844   1.917581  22.137   0.097  25.705  23.438  21.060  20.569  20.337      Y     N   0.1480
  63  788015310702669718  150.620078   2.671376  22.420   0.096  25.810  23.309  22.150  22.067  21.631      Y     N   0.0066
  64  788013249118370267  150.593330   2.205241  22.680   0.096  25.659  23.804  22.177  21.968  21.889      Y     N   0.0242
  65  788014211191038340  149.989209   2.287648  22.464   0.096  24.201  23.100  22.119  21.907  21.719      Y     N   0.0159
  66  788012080887261536  150.227782   1.786807  22.739   0.094  23.496  22.896  22.407  22.293  22.247      Y     N   0.0258
  67  788016478933770557  149.536026   2.775287  19.929   0.091  23.904  21.233  18.685  18.132  17.860      Y     N   0.0444
  68  788011324973020150  150.277569   1.685972  22.674   0.090  26.586  23.942  21.330  20.702  20.429      Y     N   0.1368
  69  788015516861102869  150.094533   2.702866  21.671   0.089  22.067  21.776  21.585  21.564  21.564      Y     N   0.0496
  70  788014142471563245  150.084352   2.290479  22.731   0.084  23.186  22.973  22.454  22.092  22.156      Y     N   0.0143
  71  788015035824762357  149.602855   2.495285  22.200   0.081  25.032  23.424  21.265  20.856  20.641      Y     N   0.0737
  72  788011531131447826  149.857602   1.630578  22.902   0.081  25.673  23.843  22.451  22.244  22.241      Y     N   0.0405
  73  788016341494818899  149.903437   2.818249  20.703   0.081  23.321  21.880  19.759  19.293  19.087      Y     N   0.0210
  74  788014692227374661  150.452798   2.442431  22.084   0.081  23.948  22.586  21.858  21.807  21.766      Y     N   0.0392
  75  788011393692495743  150.176037   1.669578  22.435   0.080  26.852  23.868  21.084  20.459  20.167      Y     N   0.0177
  76  788011324973016033  150.367089   1.624252  22.925   0.079  25.189  24.080  21.590  20.967  20.668      Y     N   0.0196
  77  788014348629995767  149.695316   2.361091  19.362   0.078  23.243  20.658  17.986  17.355  17.057      Y     N   0.2075
  78  788012355765171875  149.579214   1.867121  22.102   0.077  24.477  22.883  21.775  21.634  21.521      Y     N   0.0580
  79  788012218326216146  149.855113   1.827304  21.473   0.076  25.282  22.791  20.642  20.263  20.060      Y     N   0.0231
  80  788011531131446638  149.769792   1.608802  18.913   0.076  21.205  19.641  18.598  18.465  18.378      Y     N   0.1333
  81  788013523996248461  149.971834   2.153460  22.629   0.075  22.989  22.593  22.666  22.654  22.783      N     Y   0.1893
  82  788015035824757522  149.616772   2.417343  22.718   0.074  24.218  23.184  22.520  22.443  22.469      Y     N   0.0457
  83  788014211191037330  149.992047   2.268742  20.418   0.073  23.333  21.511  19.891  19.642  19.497      Y     N   0.2521
  84  788015035824759080  149.698757   2.441230  21.430   0.073  22.345  22.002  20.989  21.037  20.850      Y     N   0.0079
  85  788014967105282294  149.881002   2.450834  21.398   0.072  22.034  21.803  21.242  21.108  20.967      Y     N   0.0142
  86  788014829666327899  150.238116   2.445925  21.507   0.072  24.574  22.559  21.084  20.883  20.763      Y     N   0.0184
  87  788012080887267077  150.139115   1.876967  20.775   0.071  21.343  20.941  20.617  20.316  20.292      Y     N   0.0040
  88  788016272775339585  149.930183   2.757932  22.582   0.070      --  23.854  21.962  21.678  21.538      Y     N   0.1005
  89  788015310702664912  150.633864   2.593712  19.162   0.069  19.436  19.147  19.030  19.029  18.983      Y     N   0.0252
  90  788014898385805330  149.935860   2.440593  22.193   0.068  23.057  22.731  21.737  21.554  20.900      Y     N   0.0192
  91  788016272775343256  150.055254   2.818100  22.277   0.068  22.701  22.252  22.318  22.333  22.341      Y     N   0.1332
  92  788015654300053677  149.883740   2.666429  22.742   0.067  23.808  23.619  22.368  21.987  21.721      Y     N   0.0095
  93  788011943448305774  150.455955   1.765907  22.886   0.067  23.734  23.147  22.893  22.909  22.807      Y     N   0.0733
  94  788015310702672733  150.662907   2.720420  21.355   0.066  25.047  22.737  19.919  19.261  18.926      Y     N   0.0983
  95  788012974240455437  149.635167   1.915824  22.983   0.066  25.607  23.982  22.559  22.398  22.238      Y     N   0.0431
  96  788016272775341678  149.926572   2.792579  21.731   0.066  22.992  22.139  21.510  21.428  21.447      Y     N   0.0435
  97  788012218326218953  149.791776   1.872852  22.820   0.065  23.889  23.323  22.368  22.294  22.171      Y     N   0.0394
  98  788014967105279628  149.884138   2.401946  21.702   0.065  24.890  23.021  20.867  20.461  20.173      Y     N   0.0596
  99  788012355765172843  149.521744   1.887300  22.593   0.064  24.629  23.200  22.324  22.234  22.156      Y     N   0.0565
  100  788012974240457689  149.668786   1.954010  20.840   0.063  25.179  22.266  19.690  19.171  18.928      Y     N   0.0870
  101  788014967105283453  149.872926   2.469772  22.741   0.063  25.638  23.765  22.277  22.062  22.020      Y     N   0.0767
  102  788013455276798842  150.217159   2.180196  22.644   0.063  24.877  23.351  22.358  22.186  22.012      Y     N   0.0358
  103  788012561923594764  150.620429   1.901416  21.880   0.063  23.246  22.318  21.676  21.598  21.602      Y     N   0.0376
  104  788015448141626065  150.300022   2.709372  22.659   0.063  23.946  23.185  22.500  22.251  22.318      Y     N   0.0219
  105  788016341494816718  149.848620   2.777069  22.258   0.063  24.593  22.975  21.941  21.794  21.659      Y     N   0.0643
  106  788012218326213651  149.904915   1.783218  22.336   0.062  23.842  22.793  22.146  22.073  22.016      Y     N   0.0531
  107  788012768082029702  150.135359   1.987898  22.748   0.060  25.174  23.748  22.270  22.012  21.960      Y     N   0.0425
  108  788012561923598965  150.660934   1.975345  21.437   0.060  21.972  21.624  21.314  21.125  20.813      Y     N   0.0124
  109  788012149606743713  150.074170   1.870448  22.074   0.060  23.945  22.687  21.795  21.701  21.616      Y     N   0.0190
  110  788015791739003226  149.533959   2.626402  21.321   0.059  23.189  21.923  21.055  20.963  20.880      Y     N   0.0642
  111  788015310702665596  150.589286   2.599752  22.548   0.058  24.231  23.095  22.350  22.298  22.197      Y     N   0.0155
  112  788015791739005903  149.538916   2.678479  22.206   0.057  23.343  22.587  22.099  22.088  22.005      Y     N   0.2751
  113  788014348629994617  149.681921   2.333888  18.457   0.056  22.378  19.738  17.549  17.126  16.917      Y     N   0.1626
  114  788016066616915594  150.511399   2.850762  21.672   0.056  21.781  21.703  21.607  21.584  21.527      Y     N   0.2515
  115  788015654300049727  149.854701   2.606936  22.486   0.056  22.608  22.536  22.188  21.897  22.082      Y     N   0.0277
  116  788015310702670864  150.716468   2.693342  21.845   0.056  26.492  23.057  20.643  20.085  19.837      Y     N   0.1807
  117  788015379422140658  150.556622   2.584395  21.528   0.055  24.111  22.737  20.655  20.216  20.028      Y     N   0.0540
  118  788015035824765501  149.695812   2.549046  22.499   0.054  24.087  23.085  21.901  21.660  21.429      Y     N   0.0101
  119  788015585580580956  150.058549   2.730342  21.954   0.054  22.557  22.252  21.772  21.420  21.225      Y     N   0.0139
  120  788011393692500183  150.206847   1.721446  22.581   0.054  23.120  22.791  22.410  22.376  21.859      Y     N   0.0134
  121  788013042959932949  149.550711   1.942246  22.312   0.053  25.657  23.241  21.835  21.574  21.365      Y     N   0.0789
  122  788012218326214293  149.757433   1.792964  22.973   0.052  24.219  23.356  22.818  22.793  22.881      Y     N   0.0354
  123  788013386557324918  150.378228   2.196354  22.988   0.052  23.710  23.736  22.492  22.445  22.168      Y     N   0.0155
  124  788014623507905012  150.723623   2.557265  20.930   0.052  24.901  22.267  20.091  19.704  19.508      Y     N   0.0665
  125  788012905520979592  149.905592   1.900656  20.926   0.052  22.212  21.336  20.774  20.710  20.670      Y     N   0.0169
  126  788013730154701024  149.506723   2.074685  22.872   0.051  24.936  23.925  22.376  22.032  21.663      Y     N   0.0181
  127  788014073752088825  150.364353   2.344100  19.915   0.051  23.740  21.231  18.802  18.294  18.051      Y     N   0.1004
  128  788014829666334814  150.228737   2.553547  22.876   0.050  27.647  24.211  22.188  21.878  21.739      Y     N   0.1017
  129  788012355765168223  149.506015   1.809132  22.493   0.050  23.580  22.504  22.261  21.928  21.626      Y     N   0.0115
  130  788012218326215714  149.897717   1.823888  20.374   0.049  23.680  21.386  19.937  19.760  19.631      Y     N   0.1051
  131  788012699362557345  150.299164   2.037759  20.638   0.048  21.979  21.041  20.480  20.426  20.414      Y     N   0.0543
  132  788011943448307627  150.485197   1.803059  22.503   0.048  23.649  23.124  22.068  21.803  21.423      Y     N   0.0094
  133  788012218326215494  149.834686   1.817633  22.972   0.046  24.342  23.508  22.282  21.898  21.688      Y     N   0.0038
  134  788011943448306011  150.424811   1.772139  22.564   0.046  22.804  22.388  22.786  23.013  23.235      Y     N   0.1354
  135  788013523996277841  150.045070   2.217836  22.865   0.045  23.672  23.298  22.683  22.426  22.253      Y     N   0.0071
  136  788012080887259483  150.173255   1.759601  22.815   0.045  25.457  24.104  21.671  21.179  20.926      Y     N   0.0475
  137  788014692227380384  150.518132   2.521715  22.866   0.045  25.167  23.506  22.849  22.653  22.122      Y     N   0.0269
  138  788012080887266523  150.191667   1.863393  22.135   0.045  24.795  23.177  21.334  20.937  20.791      Y     N   0.0332
  139  788016135336388254  150.365032   2.786065  18.493   0.045  22.319  19.746  17.278  16.740  16.477      Y     N   0.0913
  140  788016341494814401  149.816272   2.742687  22.892   0.045  23.378  23.509  22.885  22.910  22.870      Y     N   0.0286
  141  788013592715753510  149.912439   2.200318  20.643   0.044  21.238  20.858  20.382  20.214  20.219      Y     N   0.0203
  142  788013936313133198  150.581955   2.299688  22.508   0.044  24.055  23.051  22.293  22.243  22.204      Y     N   0.0382
  143  788012080887259502  150.176552   1.759449  21.980   0.044  23.558  22.769  21.593  21.405  21.142      Y     N   0.0071
  144  788014279910514538  149.867623   2.274380  18.840   0.044  22.651  20.116  18.052  17.696  17.507      Y     N   0.1032
  145  788015379422146821  150.535363   2.680840  18.681   0.044  22.370  19.885  17.981  17.653  17.485      Y     N   0.1432
  146  788014760946830659  150.334458   2.527323  22.255   0.044  24.520  23.106  21.263  20.765  20.528      N     Y   0.0839
  147  788016204055866782  150.200005   2.827133  20.828   0.044  24.289  21.881  20.379  20.175  20.044      Y     N   0.0421
  148  788013317837847100  150.509926   2.205916  22.904   0.043  26.318  24.169  21.745  21.222  20.991      Y     N   0.0923
  149  788012561923599067  150.650932   1.969029  22.578   0.043  24.525  23.194  22.308  22.189  22.086      Y     N   0.0431
  150  788012287045693049  149.585889   1.807601  22.689   0.042  24.395  23.238  22.484  22.392  22.347      Y     N   0.0548
  151  788011599850926624  149.631939   1.698720  22.564   0.042  25.684  23.590  22.082  21.851  21.737      Y     N   0.0745
  152  788012699362551281  150.349659   1.948304  22.556   0.042  26.249  23.669  22.138  21.937  21.817      Y     N   0.0348
  153  788012149606744647  149.949254   1.881702  22.598   0.042  24.815  23.517  22.178  21.959  21.810      Y     N   0.0616
  154  788015585580573985  150.068397   2.623617  22.724   0.042  24.720  23.670  22.139  21.696  21.460      Y     N   0.0064
  155  788014417349475302  149.531780   2.366382  21.535   0.041  22.749  21.940  21.392  21.353  21.319      Y     N   0.0660
  156  788013592715748100  149.895114   2.107450  21.877   0.041  25.804  23.322  20.409  19.735  19.432      Y     N   0.1049
  157  788012768082033353  150.145590   2.043054  21.082   0.040  21.558  21.471  21.028  21.011  20.862      Y     N   0.0194
  158  788014898385809368  149.955603   2.502051  22.769   0.040  23.683  23.597  22.360  22.134  21.792      Y     N   0.0147
  159  788014692227379299  150.454557   2.507483  21.729   0.039  24.815  22.921  21.130  20.845  20.724      Y     N   0.0414
  160  788012630643078523  150.422561   2.014131  22.570   0.039  23.365  22.638  22.320  22.020  21.877      Y     N   0.0010
  161  788016478933771043  149.508230   2.786849  22.095   0.039  26.263  23.374  20.651  20.011  19.697      Y     N   0.0374
  162  788015516861096259  150.163799   2.597664  22.470   0.039  23.314  22.807  22.082  22.024  21.909      Y     N   0.0136
  163  788016410214291371  149.738893   2.736664  21.252   0.039  22.280  21.575  21.051  20.953  20.891      Y     N   0.0305
  164  788014760946858819  150.323801   2.552602  22.967   0.039  24.610  23.731  22.537  22.332  21.737      Y     N   0.0186
  165  788012012167788729  150.326981   1.844335  21.207   0.038  23.277  21.885  20.876  20.730  20.662      Y     N   0.0640
  166  788012974240462058  149.735916   2.027567  22.858   0.038  25.068  23.503  22.460  21.913  21.500      Y     N   0.0107
  167  788011324973018884  150.307649   1.666844  20.915   0.038  21.148  21.029  20.694  20.737  20.775      Y     N   0.0156
  168  788013661435231204  149.738955   2.220688  20.727   0.038  21.695  21.278  20.503  20.505  19.971      Y     N   0.0146
  169  788015379422143073  150.530233   2.630486  21.935   0.038  24.949  23.020  21.452  21.240  21.148      Y     N   0.1270
  170  788012561923602087  150.684062   2.026528  22.289   0.037  24.163  22.856  22.056  21.960  21.878      Y     N   0.0380
  171  788012012167791123  150.343890   1.881882  21.725   0.037  24.602  22.728  21.307  21.103  21.010      Y     N   0.0808
  172  788014829666334187  150.141195   2.543503  22.484   0.037  23.469  22.767  22.393  22.332  22.360      Y     N   0.0223
  173  788015585580570761  149.931977   2.570993  22.956   0.037  24.213  23.323  22.741  22.680  22.716      Y     N   0.0148
  174  788012630643077936  150.462964   2.009009  20.966   0.037  21.504  21.155  20.991  20.938  20.558      Y     N   0.0080
  175  788016272775344835  150.079163   2.840374  21.020   0.036  23.090  21.643  20.744  20.639  20.567      Y     N   0.0689
  176  788012561923595214  150.739431   1.901525  22.506   0.036  23.300  22.773  22.249  22.022  21.688      Y     N   0.0088
  177  788011393692496607  150.151263   1.667795  22.795   0.036  23.788  23.144  22.631  22.402  22.353      Y     N   0.0083
  178  788015035824759704  149.730235   2.453798  21.932   0.036  22.884  22.527  21.669  21.365  21.165      Y     N   0.0091
  179  788016204055869209  150.142683   2.871904  22.886   0.035  25.962  24.113  22.325  22.076  21.948      Y     N   0.1220
  180  788015448141624261  150.412772   2.680667  22.921   0.035  25.504  24.068  22.347  22.107  21.909      Y     N   0.0722
  181  788014692227374743  150.465312   2.439575  22.200   0.035  23.388  22.562  22.046  21.987  21.949      Y     N   0.0129
  182  788014073752092527  150.347692   2.391000  22.986   0.035  24.042  23.525  22.288  22.043  21.880      Y     N   0.0193
  183  788011324972992405  150.320613   1.634472  20.850   0.034  21.465  20.985  20.766  20.567  20.598      N     Y   0.0049
  184  788014898385808248  150.068394   2.483975  21.798   0.034  23.179  22.223  21.595  21.541  21.492      Y     N   0.0227
  185  788013592715747222  149.822693   2.089644  22.084   0.034  22.531  22.277  21.840  21.519  21.598      Y     N   0.0225
  186  788012149606744733  149.951054   1.883043  22.828   0.034  25.389  23.663  22.446  22.280  22.203      Y     N   0.0726
  187  788014211191040806  150.050989   2.321854  21.824   0.034  23.054  22.199  21.693  21.680  21.676      Y     N   0.0342
  188  788011943448311088  150.418996   1.855965  22.661   0.034  24.474  23.222  22.420  22.380  22.303      Y     N   0.0455
  189  788015035824765155  149.721325   2.540003  22.015   0.033  22.772  22.241  21.591  21.616  21.593      Y     N   0.0038
  190  788012768082030013  150.147485   1.987122  22.156   0.033  23.830  22.674  21.960  21.900  21.937      Y     N   0.0336
  191  788015379422121519  150.494662   2.698419  22.895   0.033  24.934  23.493  22.655  22.547  22.592      N     Y   0.0370
  192  788015448141618912  150.300622   2.598258  22.702   0.033  25.001  23.692  22.194  21.809  21.585      Y     N   0.0241
  193  788015997897431907  150.686747   2.746813  21.478   0.032  22.037  21.744  21.095  20.982  20.897      Y     N   0.0136
  194  788013455276791913  150.180707   2.075962  22.715   0.032  24.707  23.214  22.480  22.509  22.094      Y     N   0.0111
  195  788016410214297180  149.742990   2.839894  17.737   0.032  21.285  18.809  17.292  17.098  16.973      Y     N   0.0319
  196  788015448141623554  150.297763   2.673503  22.808   0.031  23.457  23.098  22.340  22.255  22.230      Y     N   0.0187
  197  788014211191040388  149.948326   2.317769  19.595   0.031  23.336  20.812  18.823  18.441  18.244      Y     N   0.0260
  198  788012287045689170  149.671228   1.741295  22.649   0.030  24.935  23.631  22.190  21.961  21.891      Y     N   0.1041
  199  788012287045694775  149.599729   1.842357  21.965   0.030  25.956  23.318  20.663  20.087  19.811      Y     N   0.1363
  200  788014279910513703  149.801668   2.252371  22.154   0.030  25.049  23.420  21.111  20.621  20.375      Y     N   0.0751
  201  788013180398885668  150.752233   2.081074  17.874   0.030  21.803  19.179  16.866  16.413  16.194      Y     N   0.1042
  202  788016341494816247  149.835828   2.777232  19.176   0.030  23.168  20.495  17.985  17.453  17.198      Y     N   0.1200
  203  788012905520983932  149.844014   1.974541  22.702   0.029  26.067  23.951  22.079  21.786  21.628      Y     N   0.1094
  204  788014073752082698  150.249687   2.247026  22.965   0.029  25.725  24.077  22.440  22.186  22.146      Y     N   0.0681
  205  788014760946854605  150.306011   2.484341  22.877   0.029  24.012  23.207  22.731  22.710  22.765      Y     N   0.0365
  206  788013249118365138  150.622233   2.119093  19.280   0.029  21.758  20.012  18.983  18.852  18.773      Y     N   0.0522
  207  788014692227379536  150.415940   2.525760  22.842   0.029  22.907  23.170  22.701  22.676  22.517      Y     N   0.0059
  208  788015585580577888  149.936625   2.680227  21.560   0.029  22.027  22.241  21.561  21.438  21.439      Y     N   0.0228
  209  788014211191041107  149.965031   2.327529  22.633   0.028  26.917  23.968  21.954  21.613  21.426      Y     N   0.0780
  210  788012012167788265  150.388308   1.836390  22.122   0.028  23.276  22.443  21.987  21.974  22.004      Y     N   0.0208
  211  788016135336387838  150.361826   2.779127  22.381   0.028  23.201  22.600  22.388  22.218  21.907      Y     N   0.0229
  212  788012630643080791  150.443682   2.049087  20.271   0.027  20.686  20.279  20.230  20.107  20.122      Y     N   0.0066
  213  788012287045696223  149.605693   1.860867  21.780   0.027  23.505  22.153  21.688  21.664  21.647      Y     N   0.0335
  214  788014692227375540  150.497512   2.457247  22.737   0.027  24.002  23.150  22.689  22.538  22.353      Y     N   0.0150
  215  788015997897431646  150.627695   2.741012  20.181   0.027  21.046  20.501  20.114  19.774  20.027      Y     N   0.0182
  216  788016410214293935  149.652224   2.783160  22.419   0.027  23.855  22.864  22.247  22.193  22.195      Y     N   0.0277
  217  788014417349468134  149.533786   2.248622  21.855   0.027  25.791  23.184  20.681  20.142  19.897      Y     N   0.1107
  218  788015310702670199  150.612399   2.678710  22.426   0.027      --  27.639  22.508  21.052  20.852      Y     N   0.1923
  219  788015997897431931  150.670429   2.763768  21.666   0.027  22.937  22.072  21.496  21.455  21.404      Y     N   0.0416
  220  788014829666334840  150.167821   2.553722  22.569   0.027  25.677  23.784  21.906  21.605  21.426      Y     N   0.1335
  221  788015104544236127  149.574257   2.436689  21.845   0.027  23.410  22.308  21.664  21.610  21.577      Y     N   0.0466
  222  788011462411970545  149.977679   1.644910  22.224   0.027  23.670  22.673  22.076  22.018  22.008      Y     N   0.0182
  223  788015791739000153  149.528660   2.575579  20.084   0.027  22.045  20.671  19.853  19.764  19.705      Y     N   0.0836
  224  788015310702668604  150.635371   2.649908  21.311   0.026  21.757  21.632  21.213  21.170  21.012      Y     N   0.0122
  225  788012218326216882  149.821917   1.838632  20.931   0.026  21.165  21.231  20.939  20.913  20.831      Y     N   0.0490
  226  788015310702670228  150.671744   2.685639  22.370   0.026  25.461  23.628  21.451  21.017  20.806      Y     N   0.0378
  227  788013661435229550  149.649222   2.191252  22.703   0.026  22.699  22.697  22.718  22.427  22.727      Y     N   0.0312
  228  788016135336386462  150.381959   2.758405  22.225   0.026  23.268  22.837  22.011  21.930  21.655      Y     N   0.0174
  229  788013523996272836  150.005035   2.140996  21.159   0.026  24.526  22.404  19.945  19.378  19.115      Y     N   0.1119
  230  788012149606736300  149.960873   1.743741  22.553   0.026  24.317  23.144  22.316  22.198  22.186      Y     N   0.0410
  231  788012699362552144  150.353066   1.960761  21.516   0.025  22.336  21.939  21.408  21.425  21.206      Y     N   0.0115
  232  788015035824757227  149.610686   2.410828  22.957   0.025  23.492  23.129  22.996  22.851  22.861      Y     N   0.0193
  233  788015379422144834  150.520775   2.646604  19.688   0.025  22.012  20.397  19.389  19.261  19.181      Y     N   0.0714
  234  788015516861104411  150.105285   2.723893  21.547   0.025  25.485  22.923  20.519  20.056  19.828      Y     N   0.0347
  235  788011531131445627  149.856402   1.593173  22.914   0.025  24.076  23.242  22.800  22.818  22.677      Y     N   0.0305
  236  788013249118371631  150.700010   2.225801  20.848   0.024  24.442  22.001  20.329  20.087  19.940      Y     N   0.2586
  237  788012974240455731  149.721639   1.920619  22.157   0.024  23.305  22.504  22.024  22.013  22.033      Y     N   0.0452
  238  788013661435223255  149.663594   2.085203  20.630   0.024  20.920  20.852  20.584  20.560  20.496      Y     N   0.0259
  239  788014348629994165  149.636450   2.329364  19.360   0.024  23.272  20.681  18.424  17.999  17.795      Y     N   0.0490
  240  788016410214291111  149.641119   2.735913  22.834   0.024  23.553  23.291  22.603  22.306  22.262      Y     N   0.0199
  241  788012218326218377  149.859753   1.865739  22.967   0.024  24.625  23.473  22.737  22.734  22.850      Y     N   0.0430
  242  788015448141616841  150.370859   2.566235  22.919   0.024  25.416  24.128  22.286  21.957  21.767      Y     N   0.0964
  243  788011393692492002  150.177886   1.597618  21.618   0.024  25.354  22.858  20.421  19.879  19.620      Y     N   0.1045
  244  788016478933768768  149.572663   2.742498  22.699   0.024  24.657  23.342  22.405  22.290  22.260      Y     N   0.0245
  245  788014211191041332  149.982373   2.342318  21.423   0.023  22.571  21.735  21.319  21.319  21.308      Y     N   0.0379
  246  788016204055864967  150.167294   2.797662  20.836   0.023  21.092  21.028  20.934  20.956  20.739      Y     N   0.0272
  247  788011943448307267  150.554290   1.788146  22.661   0.023  24.142  23.122  22.444  22.338  22.292      Y     N   0.0316
  248  788015310702672693  150.672141   2.722439  22.368   0.023  24.182  22.914  22.101  21.957  21.917      Y     N   0.0243
  249  788015310702664413  150.638406   2.578453  22.447   0.023  23.690  23.075  22.028  21.714  21.417      Y     N   0.0121
  250  788014898385811270  149.930149   2.532938  20.657   0.023  21.767  20.977  20.512  20.462  20.448      Y     N   0.0472
  251  788015654300048896  149.816602   2.590242  22.682   0.023  25.349  23.811  21.513  20.993  20.715      Y     N   0.0269
  252  788015723019533840  149.599729   2.715698  21.823   0.023  24.367  22.828  21.364  21.152  21.017      Y     N   0.0491
  253  788011874728836175  150.613626   1.893844  21.997   0.023  23.914  22.568  21.781  21.724  21.655      Y     N   0.0427
  254  788014760946854537  150.317088   2.483492  22.026   0.023  24.255  22.695  21.719  21.597  21.514      Y     N   0.0429
  255  788013249118368896  150.681665   2.183904  21.402   0.023  25.171  22.694  20.674  20.343  20.183      Y     N   0.0850
  256  788014692227383403  150.555860   2.564388  22.103   0.022  24.067  22.922  21.791  21.662  21.373      Y     N   0.0030
  257  788013455276796254  150.158396   2.139557  20.968   0.022  21.612  21.242  20.604  20.577  20.532      Y     N   0.0183
  258  788016066616915152  150.551521   2.843380  22.091   0.022  23.205  22.427  21.958  21.903  21.852      Y     N   0.0455
  259  788016478933771036  149.507268   2.792518  22.582   0.022  23.446  22.771  22.513  22.327  22.051      Y     N   0.0139
  260  788012974240464206  149.600405   2.064258  22.812   0.022  24.569  23.414  22.545  22.481  22.384      Y     N   0.0351
  261  788013317837843173  150.546372   2.147393  20.674   0.022  24.606  21.938  19.217  18.538  18.213      Y     N   0.0953
  262  788012080887261056  150.210416   1.780399  22.479   0.022  24.853  23.286  22.112  21.973  21.861      Y     N   0.0668
  263  788013249118366123  150.703753   2.134852  22.376   0.022  24.810  23.122  22.057  21.920  21.817      Y     N   0.0323
  264  788014967105288545  149.759455   2.549448  22.986   0.022  25.208  23.656  22.705  22.619  22.627      Y     N   0.2322
  265  788013455276801030  150.240136   2.215143  21.603   0.022  22.822  21.970  21.460  21.412  21.407      Y     N   0.0654
  266  788012974240460518  149.742192   1.998673  22.025   0.021  22.723  22.241  21.981  22.021  22.034      Y     N   0.1411
  267  788011943448308270  150.549846   1.806554  21.861   0.021  23.376  22.407  21.620  21.544  21.424      Y     N   0.0527
  268  788012974240459244  149.675146   1.982719  21.704   0.021  22.147  22.309  21.666  21.678  21.694      Y     N   0.0141
  269  788013455276795354  150.105543   2.126302  21.316   0.021  22.136  21.732  21.200  21.224  20.972      Y     N   0.0162
  270  788013455276800742  150.116092   2.205563  22.900   0.021  24.971  23.518  22.668  22.551  22.641      Y     N   0.0416
  271  788014829666334365  150.202379   2.552936  18.934   0.021  22.350  19.989  18.450  18.226  18.094      Y     N   0.0700
  272  788011531131445559  149.850870   1.592243  22.443   0.021  25.007  23.541  21.464  20.998  20.749      Y     N   0.1070
  273  788014211191043749  149.945512   2.369265  20.947   0.021  21.353  21.031  21.034  20.882  20.726      Y     N   0.0193
  274  788013523996269655  150.025389   2.081914  22.638   0.021  25.899  23.786  22.139  21.889  21.703      Y     N   0.0777
  275  788012905520987770  149.795129   2.043364  22.464   0.020  24.729  23.487  21.874  21.587  21.385      Y     N   0.2758
  276  788014692227382158  150.421578   2.555964  20.076   0.020  23.944  21.375  18.832  18.263  18.006      Y     N   0.0487
  277  788014211191043150  150.020085   2.353620  22.086   0.020  23.944  22.609  21.820  21.787  21.602      Y     N   0.0192
  278  788016135336392249  150.254891   2.848499  22.205   0.020  24.809  23.059  21.804  21.632  21.550      Y     N   0.0842
  279  788012561923601273  150.591523   2.012206  22.523   0.020  25.021  23.375  22.164  22.007  21.897      Y     N   0.0355
  280  788011874728832683  150.742961   1.825186  22.917   0.020  24.551  23.403  22.708  22.622  22.610      Y     N   0.0221
  281  788013523996273105  149.966690   2.146060  20.795   0.020  24.292  21.995  20.206  19.920  19.755      Y     N   0.1054
  282  788013523996276261  150.032025   2.197664  22.511   0.019  27.119  23.812  21.361  20.825  20.559      Y     N   0.0799
  283  788014142471561951  150.199125   2.262883  22.584   0.019  25.066  23.678  21.517  21.021  20.805      Y     N   0.0649
  284  788011943448304481  150.472261   1.741370  22.156   0.019  26.415  23.416  21.360  20.987  20.794      Y     N   0.1079
  285  788013523996273964  150.009275   2.152240  22.831   0.019  25.799  23.732  22.447  22.272  22.146      Y     N   0.0534
  286  788013455276794272  150.184044   2.116539  21.276   0.019  24.696  22.401  20.201  19.711  19.474      Y     N   0.0753
  287  788015585580576222  150.061052   2.654804  19.037   0.019  23.119  20.378  17.452  16.711  16.349      Y     N   0.2332
  288  788014967105289094  149.796171   2.564112  20.736   0.019  21.329  20.936  20.583  20.394  20.492      Y     N   0.0100
  289  788014898385809326  150.013047   2.506778  21.257   0.018  24.379  22.439  20.544  20.209  20.044      Y     N   0.0750
  290  788012630643079394  150.446017   2.043486  20.713   0.018  21.352  21.108  20.618  20.597  20.449      Y     N   0.0053
  291  788013592715755198  149.879205   2.225799  22.610   0.018      --  23.734  22.516  22.836  23.038      Y     N   0.0431
  292  788012080887262508  150.116055   1.802023  21.154   0.018  24.136  21.981  20.862  20.716  20.661      Y     N   0.0252
  293  788014142471562007  150.158617   2.265178  22.458   0.018  23.887  22.844  22.281  22.254  22.250      Y     N   0.0331
  294  788011256253539191  150.428462   1.583148  22.932   0.018  24.632  23.493  22.708  22.672  22.656      Y     N   0.0357
  295  788016341494814502  149.757734   2.743495  22.211   0.018  23.246  22.495  22.099  22.116  22.066      Y     N   0.0205
  296  788015035824764178  149.741354   2.525735  22.790   0.018  26.543  24.118  22.165  21.893  21.712      Y     N   0.1035
  297  788011668570402054  149.512446   1.638983  20.920   0.017  25.164  22.240  19.728  19.187  18.941      Y     N   0.0960
  298  788013523996275456  149.969792   2.183448  22.914   0.017  25.216  23.785  22.256  22.072  21.791      Y     N   0.0190
  299  788013042959935104  149.564666   1.977884  21.362   0.017  21.934  21.480  20.987  21.063  21.033      Y     N   0.0359
  300  788011324973016402  150.362085   1.630063  22.820   0.017  23.788  23.142  22.700  22.656  22.630      Y     N   0.1352
  301  788016066616915188  150.530494   2.844005  21.801   0.017  21.929  22.166  21.676  21.724  21.804      Y     N   0.0240
  302  788015379422141408  150.419528   2.590874  21.596   0.017  25.561  22.820  20.851  20.486  20.299      Y     N   0.0352
  303  788012630643076367  150.574889   1.976750  21.036   0.017  21.347  21.126  20.785  20.792  20.738      Y     N   0.0091
  304  788014692227382030  150.458026   2.546001  21.970   0.017  25.415  23.203  20.851  20.345  20.105      Y     N   0.0911
  305  788014279910519279  149.763472   2.334138  20.862   0.017  21.296  21.113  20.826  20.830  20.669      Y     N   0.0141
  306  788013386557321688  150.345901   2.147512  20.695   0.017  20.963  20.802  20.673  20.616  20.500      Y     N   0.0160
  307  788015654300056695  149.851815   2.718438  21.975   0.017  22.950  22.483  21.752  21.671  21.496      Y     N   0.0099
  308  788015310702670852  150.723612   2.688587  22.806   0.017  24.928  23.934  22.208  21.907  21.803      Y     N   0.0063
  309  788012149606738042  150.001045   1.767796  22.750   0.017  23.969  23.133  22.592  22.594  22.609      Y     N   0.0234
  310  788014967105283508  149.751299   2.469465  21.894   0.017  23.900  22.499  21.627  21.507  21.389      Y     N   0.0255
  311  788012699362552844  150.386707   1.966592  21.047   0.017  21.297  21.250  20.817  20.849  20.876      Y     N   0.0110
  312  788011256253543842  150.458503   1.665046  22.933   0.017  25.889  23.824  22.535  22.360  22.216      Y     N   0.0667
  313  788012355765168293  149.514810   1.807247  22.385   0.016  24.869  23.510  21.825  21.531  21.348      Y     N   0.0376
  314  788013592715750385  149.851652   2.145131  19.790   0.016  20.947  20.112  19.637  19.578  19.530      Y     N   0.0347
  315  788011599850925417  149.638166   1.662763  22.633   0.016  25.118  23.786  21.370  20.781  20.504      Y     N   0.0857
  316  788015654300055929  149.832590   2.710737  21.209   0.016  21.221  21.266  20.972  20.712  20.874      Y     N   0.0132
  317  788015585580577347  150.030627   2.678737  21.748   0.016  21.902  21.828  21.538  21.396  21.433      Y     N   0.0168
  318  788013317837844293  150.478484   2.163844  22.937   0.016  29.654  24.297  21.860  21.382  21.170      Y     N   0.0393
  319  788012080887261878  150.195031   1.793728  22.384   0.016  23.569  22.914  21.777  21.596  21.449      Y     N   0.0067
  320  788012080887263871  150.156278   1.826434  22.197   0.016  23.227  22.493  21.967  21.903  21.836      Y     N   0.0121
  321  788012287045695672  149.723363   1.851595  22.167   0.016  25.172  23.074  21.809  21.643  21.508      Y     N   0.0442
  322  788013042959936920  149.516755   2.006954  22.840   0.016  25.090  23.606  22.519  22.421  22.330      Y     N   0.0637
  323  788015654300055442  149.901684   2.697225  22.682   0.016  25.321  23.816  21.473  20.942  20.678      Y     N   0.0741
  324  788015585580579931  149.946998   2.717644  19.930   0.015  22.700  20.965  19.482  19.263  19.153      Y     N   0.1745
  325  788013936313109358  150.734046   2.337168  22.939   0.015  25.419  24.103  22.445  22.207  22.176      N     Y   0.0516
  326  788014417349444424  149.541205   2.254692  21.885   0.015  24.577  23.025  21.179  20.844  20.688      N     Y   0.0846
  327  788013455276794260  150.177328   2.102886  22.914   0.015  25.143  23.568  22.608  22.435  22.443      Y     N   0.0454
  328  788014279910519104  149.812929   2.345467  22.498   0.015  23.343  22.831  21.855  21.764  21.619      Y     N   0.0081
  329  788012699362551562  150.384501   1.949245  22.907   0.015  24.212  23.323  22.742  22.675  22.656      Y     N   0.0187
  330  788015310702666197  150.597332   2.617933  21.398   0.015  21.758  21.655  21.248  21.256  21.187      Y     N   0.0018
  331  788011393692496091  150.130969   1.659404  21.015   0.015  23.007  21.649  20.734  20.609  20.538      Y     N   0.0581
  332  788012080887267356  150.110737   1.876604  21.282   0.015  24.855  22.391  20.784  20.549  20.414      Y     N   0.0310
  333  788012149606743124  150.070166   1.858173  22.789   0.015  26.145  23.695  22.427  22.215  22.135      Y     N   0.0278
  334  788013249118367065  150.696317   2.153737  22.538   0.015  25.711  23.667  22.049  21.821  21.724      Y     N   0.0337
  335  788012768082029461  150.105200   1.981133  19.026   0.015  19.039  19.074  19.126  18.359  18.903      Y     N   0.0176
  336  788012355765169217  149.564590   1.823058  20.103   0.014  20.056  20.517  19.861  19.853  19.835      Y     N   0.0315
  337  788013661435227753  149.610153   2.160415  22.401   0.014  25.820  23.687  21.779  21.491  21.320      Y     N   0.2245
  338  788011462411973235  150.051832   1.682754  20.673   0.014  21.346  20.928  20.375  20.104  20.080      Y     N   0.0128
  339  788015379422143712  150.481152   2.631359  22.050   0.014  25.029  22.941  21.669  21.510  21.332      Y     N   0.1037
  340  788013592715752340  149.894830   2.174432  21.589   0.014  22.274  22.163  21.503  21.484  21.396      Y     N   0.0195
  341  788015104544235453  149.543317   2.427074  22.612   0.014  24.245  23.127  22.422  22.359  22.211      Y     N   0.0316
  342  788016341494816764  149.909146   2.780415  22.744   0.014  26.425  24.052  22.077  21.852  21.691      Y     N   0.0518
  343  788013249118364643  150.595760   2.111097  21.984   0.014  23.348  22.675  21.651  21.320  21.105      Y     N   0.0062
  344  788013455276792727  150.205733   2.082378  22.868   0.014  25.211  23.607  22.567  22.428  22.308      Y     N   0.0487
  345  788015035824757926  149.624526   2.424780  22.401   0.014  23.720  22.776  22.246  22.269  22.151      Y     N   0.0353
  346  788011531131451846  149.755104   1.699068  21.807   0.014  23.651  22.373  21.593  21.526  21.453      Y     N   0.0473
  347  788013730154704029  149.522140   2.125042  20.858   0.014  24.478  22.055  19.920  19.477  19.272      Y     N   0.0412
  348  788014211191044921  149.916920   2.385186  19.829   0.014  20.298  20.099  19.832  19.847  19.727      Y     N   0.0249
  349  788012355765164562  149.564866   1.743688  22.792   0.014  24.573  23.687  21.630  21.095  20.818      Y     N   0.0511
  350  788016410214292670  149.634658   2.759888  22.260   0.014  22.887  22.548  22.115  22.095  22.064      Y     N   0.0207
  351  788013249118371670  150.745624   2.224269  22.024   0.014  23.799  22.572  21.796  21.733  21.705      Y     N   0.0452
  352  788013592715753699  149.782721   2.197016  22.653   0.014  24.313  23.152  22.434  22.356  22.280      Y     N   0.0295
  353  788011943448312240  150.485622   1.871898  22.734   0.014  31.118  24.753  22.236  22.025  22.057      Y     N   0.0104
  354  788012630643072806  150.581226   1.926945  19.863   0.014  20.006  20.047  19.687  19.824  19.899      Y     N   0.0128
  355  788012218326216574  149.856274   1.834370  22.987   0.014  24.532  23.445  22.796  22.741  22.771      Y     N   0.0366
  356  788014005032614323  150.421942   2.385508  22.726   0.014  22.563  22.985  22.458  22.509  22.448      Y     N   0.0226
  357  788012012167790381  150.359032   1.867708  22.463   0.013  23.280  22.393  22.516  22.543  22.657      Y     N   0.0210
  358  788015104544238370  149.522931   2.473910  22.479   0.013  25.016  23.298  22.151  22.021  21.902      Y     N   0.0471
  359  788015516861104725  150.169987   2.728074  19.629   0.013  20.777  19.940  19.514  19.502  19.500      Y     N   0.0485
  360  788016135336387081  150.271681   2.769677  19.789   0.013  23.591  21.028  19.158  18.869  18.712      Y     N   0.0872
  361  788011462411971548  149.949284   1.656387  22.492   0.013  23.854  22.916  22.302  22.284  22.277      Y     N   0.0438
  362  788014829666330256  150.237465   2.480171  22.497   0.013  26.165  23.600  22.027  21.812  21.675      Y     N   0.0569
  363  788014142471565499  150.228542   2.324767  22.798   0.013  24.080  23.262  22.621  22.544  22.546      Y     N   0.0306
  364  788011943448306344  150.419698   1.776633  22.464   0.013  27.935  23.746  21.519  21.085  20.900      Y     N   0.1030
  365  788012768082034073  150.187882   2.056183  18.957   0.013  21.805  19.797  18.606  18.452  18.353      Y     N   0.0805
  366  788011874728836023  150.656749   1.890467  22.598   0.013  26.206  23.866  22.045  21.798  21.666      Y     N   0.1186
  367  788016066616915276  150.457826   2.842591  22.424   0.013  24.342  23.035  22.162  22.046  21.954      Y     N   0.0385
  368  788012561923600813  150.686766   2.001766  22.925   0.013  25.626  24.020  22.299  21.985  21.799      Y     N   0.0732
  369  788011462411969915  150.056443   1.627478  20.388   0.013  20.771  20.462  20.162  20.111  20.131      Y     N   0.0083
  370  788012630643075604  150.551025   1.967986  22.294   0.013  25.755  23.399  21.824  21.599  21.486      Y     N   0.2748
  371  788013386557317177  150.338652   2.079932  18.332   0.013  22.234  19.640  17.418  16.999  16.790      Y     N   0.1665
  372  788014692227376897  150.576636   2.476749  21.748   0.013  22.761  22.024  21.642  21.667  21.620      Y     N   0.0254
  373  788015654300048959  149.833281   2.588336  22.319   0.013  23.394  22.454  22.321  22.377  22.421      Y     N   0.0137
  374  788011531131453115  149.762413   1.728001  22.159   0.013  24.576  22.909  21.894  21.791  21.678      Y     N   0.0373
  375  788013455276794231  150.119291   2.109642  22.500   0.013  26.326  23.727  21.307  20.758  20.494      Y     N   0.1178
  376  788014417349469073  149.567283   2.259753  22.843   0.012  26.289  24.021  22.356  22.132  21.985      Y     N   0.0729
  377  788013249118365264  150.637971   2.123239  21.700   0.012  23.484  22.243  21.498  21.418  21.397      Y     N   0.0247
  378  788012699362557594  150.291678   2.043265  22.410   0.012  26.200  23.686  21.384  20.898  20.672      Y     N   0.0285
  379  788011324973020507  150.398533   1.692880  21.860   0.012  23.955  22.486  21.608  21.517  21.413      Y     N   0.0446
  380  788014692227377925  150.464963   2.484902  22.324   0.012  23.417  22.630  22.214  22.191  22.279      Y     N   0.0244
  381  788014967105280799  149.870695   2.417278  22.438   0.012  23.144  22.813  22.034  21.872  21.769      Y     N   0.0094
  382  788014279910521393  149.897181   2.365754  22.878   0.012  23.852  23.200  22.727  22.685  22.688      Y     N   0.0388
  383  788012699362559114  150.334367   2.061450  20.145   0.012  20.508  20.303  20.170  20.029  19.917      Y     N   0.0153
  384  788013936313138590  150.638438   2.391320  22.569   0.012  72.709  23.808  22.353  22.658  22.753      Y     N   0.0101
  385  788013661435229335  149.631971   2.185445  21.816   0.012  25.438  23.065  20.963  20.569  20.386      Y     N   0.0676
  386  788015035824765619  149.610862   2.548978  21.973   0.012  24.684  23.219  20.285  19.459  19.043      Y     N   0.2793
  387  788012287045698367  149.671929   1.893045  22.425   0.011  24.324  23.016  22.169  22.086  22.085      Y     N   0.0474
  388  788011256253545721  150.447506   1.695655  22.153   0.011  22.667  22.436  22.070  21.895  21.831      Y     N   0.0086
  389  788013317837845710  150.531877   2.188903  21.284   0.011  21.775  21.509  21.169  20.881  20.895      Y     N   0.0076
  390  788015379422145848  150.534490   2.667266  22.817   0.011  26.118  23.905  22.356  22.151  21.946      Y     N   0.0515
  391  788012355765171978  149.524394   1.866375  21.240   0.011  21.921  21.393  20.995  20.929  20.920      Y     N   0.0307
  392  788016066616908947  150.472229   2.747919  22.231   0.011  24.926  23.125  21.838  21.672  21.571      Y     N   0.0408
  393  788014760946855724  150.386217   2.515785  22.683   0.011  76.435  23.877  22.072  21.796  21.628      Y     N   0.0721
  394  788014692227373159  150.466107   2.417763  20.932   0.011  24.346  22.080  20.416  20.185  20.036      Y     N   0.0731
  395  788014760946857315  150.350821   2.525845  22.423   0.011  23.621  22.798  22.282  22.263  22.227      Y     N   0.0272
  396  788014348629990922  149.694698   2.275802  22.424   0.011  25.569  23.570  21.922  21.684  21.571      Y     N   0.0917
  397  788014829666335286  150.114988   2.556825  22.959   0.011  28.744  24.217  21.605  20.999  20.662      Y     N   0.0506
  398  788011806009356067  150.761005   1.814748  22.697   0.011  24.189  23.142  22.500  22.408  22.536      Y     N   0.0271
  399  788012699362556187  150.305948   2.020981  22.893   0.011  23.338  22.845  23.003  23.115  23.092      Y     N   0.0465
  400  788012561923596587  150.661278   1.926118  21.736   0.011  22.748  21.966  21.650  21.637  21.594      Y     N   0.0237
  401  788011943448307637  150.415996   1.796217  21.775   0.011  24.785  22.774  21.312  21.111  21.002      Y     N   0.0961
  402  788014279910519326  149.761393   2.337811  22.597   0.011  24.289  23.115  22.388  22.340  22.236      Y     N   0.0253
  403  788014623507897041  150.676919   2.422314  21.924   0.011  25.547  23.186  20.919  20.465  20.266      Y     N   0.1057
  404  788012218326217815  149.857470   1.856312  23.000   0.011  26.012  23.958  22.570  22.369  22.290      Y     N   0.0459
  405  788013661435230789  149.670208   2.210543  21.959   0.011  23.446  22.436  21.754  21.677  21.635      Y     N   0.0410
  406  788015448141625890  150.411451   2.705075  22.788   0.010  26.270  23.987  21.756  21.297  21.071      Y     N   0.0304
  407  788014760946856780  150.345678   2.519651  21.309   0.010  22.549  21.687  21.171  21.129  21.119      Y     N   0.0338
  408  788014279910522697  149.877114   2.389002  20.464   0.010  23.821  21.735  19.409  18.923  18.697      Y     N   0.0355
  409  788011531131449020  149.822233   1.648720  21.942   0.010  23.669  22.505  21.696  21.632  21.510      Y     N   0.0495
  410  788012630643076790  150.431799   1.992576  22.311   0.010  24.797  23.453  21.178  20.632  20.390      Y     N   0.0422
  411  788014623507903958  150.639502   2.542282  22.922   0.010  30.371  24.111  22.049  21.660  21.427      Y     N   0.0431
  412  788014829666334675  150.087875   2.554227  19.931   0.010  23.817  21.208  19.171  18.830  18.655      Y     N   0.0655
  413  788015654300053621  149.840878   2.673244  22.489   0.010  24.865  23.202  22.221  22.088  22.067      Y     N   0.0379
  414  788011874728835934  150.738129   1.891071  22.978   0.010  26.237  24.162  21.972  21.484  21.243      Y     N   0.0685
  415  788013523996273937  150.071642   2.159541  22.953   0.010  26.484  24.046  21.902  21.404  21.153      Y     N   0.0963
  416  788013661435227379  149.693563   2.152613  21.152   0.010  22.111  21.434  21.045  21.043  21.037      Y     N   0.0245
  417  788013592715755253  149.845252   2.223475  22.793   0.010  26.039  24.083  21.793  21.340  21.105      Y     N   0.0464
  418  788015035824761262  149.608711   2.480162  20.954   0.010  21.827  21.095  20.916  20.951  20.955      Y     N   0.0345
  419  788013523996277006  150.028538   2.209908  21.445   0.010  22.395  21.942  21.311  21.225  21.083      Y     N   0.0262
  420  788015723019526848  149.635281   2.598846  21.651   0.010  22.711  21.836  21.799  21.617  21.370      Y     N   0.0199
  421  788015035824765564  149.602066   2.547579  22.988   0.009  27.902  24.124  22.459  22.225  22.071      Y     N   0.0462
  422  788016135336385744  150.349169   2.748102  21.983   0.009  24.751  22.923  21.572  21.383  21.248      Y     N   0.0885
  423  788011393692499171  150.160961   1.708013  21.701   0.009  25.184  23.027  20.533  20.003  19.764      Y     N   0.1439
  424  788014005032614899  150.458467   2.397377  22.253   0.009  24.771  23.200  21.782  21.758  21.585      Y     N   0.0282
  425  788013317837848468  150.490567   2.228490  19.241   0.009  21.664  20.317  18.119  17.586  17.339      Y     N   0.1032
  426  788014829666330215  150.151621   2.479757  22.683   0.009  25.879  23.906  22.111  21.847  21.716      Y     N   0.0772
  427  788013592715752715  149.837335   2.181921  22.859   0.009  23.357  22.971  22.829  22.987  23.058      Y     N   0.2209
  428  788011668570400522  149.527187   1.605065  22.805   0.009  76.355  24.076  22.107  21.768  21.621      Y     N   0.0343
  429  788014005032605450  150.506450   2.246038  21.534   0.009  22.678  21.976  21.239  20.911  20.673      Y     N   0.0083
  430  788014623507904132  150.623744   2.548524  22.811   0.009  25.039  23.882  21.369  20.696  20.404      Y     N   0.1763
  431  788012905520982622  149.832593   1.952199  22.631   0.009  24.461  23.208  22.379  22.327  22.227      Y     N   0.0208
  432  788014211191038377  150.031234   2.288550  22.581   0.008  25.931  23.811  21.149  20.480  20.152      Y     N   0.0350
  433  788012768082030987  150.233949   2.008243  22.500   0.008  23.478  22.795  22.416  22.392  22.294      Y     N   0.0367
  434  788012630643080795  150.447393   2.048587  22.336   0.008  25.480  23.531  21.678  21.387  21.173      Y     N   0.0707
  435  788012493204124663  150.751948   2.005330  21.740   0.008  24.581  22.667  21.338  21.160  21.050      Y     N   0.0626
  436  788014279910515746  149.828690   2.284637  22.788   0.008  25.666  24.076  21.764  21.299  21.064      Y     N   0.0196
  437  788015104544239970  149.513503   2.493287  22.703   0.008  25.894  23.624  22.275  22.083  22.022      Y     N   0.0599
  438  788012974240456331  149.636307   1.931139  22.251   0.007  23.519  22.647  22.097  22.067  21.996      Y     N   0.0524
  439  788016204055867180  150.094635   2.832314  22.788   0.006  23.417  23.220  22.398  22.261  22.049      Y     N   0.0245
  440  788013730154700865  149.517333   2.072424  22.456   0.006  25.216  23.599  20.808  20.038  19.660      Y     N   0.2095
  441  788015654300051571  149.792104   2.635800  22.801   0.006  25.303  23.654  22.452  22.320  22.165      Y     N   0.0466
  442  788013317837846806  150.415803   2.201705  22.980   0.005  25.484  24.101  21.426  20.641  20.267      Y     N   0.0516
  443  788013592715752132  149.879994   2.167657  22.434   0.001  25.019  23.699  20.532  19.603  19.114      Y     N   0.1376
